67.7472;73.5549
-96.6439;25.6896
19.3801;98.1041
-43.2223;-90.1767
91.6987;-39.8918
-99.2568;-12.1694
97.65;21.5519
-98.2638;-18.5531
99.883;4.83503
91.3096;40.7744
-38.6901;-92.2121
90.5991;-42.3296
-98.572;-16.8392
-56.7688;-82.3244
-30.1894;-95.3342
7.65675;-99.7064
95.5859;29.3827
-47.2002;88.1598
4.02674;-99.9189
-66.2907;74.8702
99.3996;-10.942
2.10838;-99.9778
89.7513;44.0988
74.8893;-66.2691
-92.124;38.8994
-99.0228;13.9459
-15.5856;98.778
50.0867;86.5524
80.0274;-59.9635
92.8465;37.1419
-99.9596;-2.84144
-42.0274;90.7397
-99.9284;3.78366
84.1852;53.9709
89.4547;44.6973
-74.6536;66.5345
85.6936;-51.5423
-97.5151;22.154
95.0893;30.9519
12.6608;-99.1953
70.5482;70.8728
-37.7131;-92.616
-68.6636;-72.7002
-15.3877;-98.809
76.4764;-64.4311
-34.654;93.8035
-99.6524;-8.33045
56.7174;-82.3598
54.3817;-83.9204
-86.2002;50.6906
-97.9751;20.0219
43.5263;90.0303
-90.0351;-43.5164
97.8511;20.6193
-99.9954;0.954955
-1.07274;-99.9942
77.3459;-63.3847
54.6603;-83.7392
23.1908;97.2738
68.2588;73.0804
-15.3878;98.809
-85.8473;51.2859
-24.9788;-96.8301
6.33498;99.7991
-41.1741;91.1301
-57.7272;-81.6552
-41.8111;-90.8396
-76.1325;64.8371
60.0254;79.9809
56.5071;-82.5042
96.1007;-27.6523
59.7141;80.2136
-84.015;54.2353
-91.8007;-39.6564
-99.7397;7.21026
97.0271;-24.2019
31.0468;95.0584
-68.7887;-72.5817
-58.1394;-81.3622
32.7321;-94.4913
-98.9056;14.7543
28.9531;95.7169
81.5153;-57.9246
62.7588;77.8545
-84.538;53.4165
75.2799;-65.8251
52.4113;85.1649
-66.2908;74.8701
66.0796;75.0565
-96.0831;27.7137
-95.5423;29.524
90.9256;-41.6237
21.662;97.6256
84.0679;-54.1534
64.1577;-76.7058
-99.93;-3.74131
41.1866;-91.1244
-97.1995;23.5003
-67.1902;-74.064
45.2296;-89.1868
-29.5802;-95.5249
95.9262;-28.252
-24.4526;96.9643
-99.589;-9.05714
-85.7619;51.4286
71.4029;-70.0116
-12.6906;-99.1915
-21.4203;-97.6789
-26.9714;-96.2941
99.2813;11.9674
-98.7701;-15.6356
91.727;39.8266
-99.7588;6.94163
-41.4095;-91.0234
86.5922;-50.0178
77.0588;-63.7334
64.1313;76.7279
99.7767;-6.67876
-94.304;33.2681
-99.5761;-9.19779
-92.914;36.9727
34.8473;-93.7319
23.9435;97.0912
56.9314;82.212
-74.4473;-66.7652
99.9985;0.552289
-14.1928;-98.9877
-86.9327;49.4237
-42.2582;-90.6325
51.67;-85.6166
47.4624;-88.0189
87.0995;49.1292
-68.6506;-72.7124
22.7045;97.3884
-76.5779;64.3104
94.6177;-32.365
-12.0437;99.2721
-21.2222;97.7221
21.1179;-97.7447
-20.067;97.9659
99.7473;7.10421
99.4458;-10.5138
42.4221;-90.5558
-80.2106;59.7181
44.3432;89.6308
54.7808;83.6604
-4.50268;99.8986
80.2927;59.6077
-66.2643;-74.8936
27.7602;-96.0696
1.84741;-99.9829
-66.868;-74.3551
-81.5552;-57.8683
-41.8819;90.807
73.9898;67.2719
-98.656;-16.3401
-85.1031;-52.5115
-29.11;-95.6693
52.6843;84.9962
63.8516;-76.9609
-93.6911;-34.9568
-40.2949;91.5223
-98.3956;-17.8414
-85.0601;-52.5811
-90.7082;42.0953
-68.5583;72.7995
-94.4787;32.7684
-76.1756;64.7864
88.1512;47.2162
-2.46419;99.9696
-44.7052;-89.4508
-13.4003;-99.0981
94.0354;-34.0199
93.0153;-36.7171
-96.9258;24.6047
-52.8616;-84.8861
-78.7685;-61.6078
58.5781;81.0469
-55.5923;83.1234
-98.9749;-14.2815
99.5591;9.37991
-62.2892;-78.2308
86.9712;-49.356
98.2389;-18.6846
55.6747;-83.0682
-96.16;27.4453
99.0389;13.8311
-26.7205;-96.364
-92.1794;38.7679
1.07446;-99.9942
-33.472;-94.2318
2.4268;-99.9705
99.9643;2.6725
87.6558;48.1296
82.1034;-57.0879
-2.0864;-99.9782
99.9206;3.98355
-99.3268;-11.5843
-96.1989;-27.3089
21.3076;97.7036
-69.8789;-71.5328
-25.2827;-96.7512
-18.9164;98.1945
-69.3244;72.0703
-36.9111;92.9385
79.4764;60.6918
16.1895;-98.6808
94.0286;34.0386
53.4373;84.5249
-29.1169;95.6672
-99.0291;13.9008
-99.2124;-12.5261
58.6201;81.0166
50.1897;-86.4928
-88.2953;-46.9462
-48.821;87.2726
99.6606;-8.23233
99.9946;1.04137
98.3038;18.3402
-99.7887;6.49745
-6.93187;-99.7595
-97.415;-22.5904
71.8096;69.5944
37.8175;92.5734
-75.3733;-65.718
70.295;71.1239
95.8573;-28.4848
52.5718;-85.0659
-5.66076;99.8397
-88.9104;45.7705
80.1245;-59.8337
6.6661;-99.7776
-95.4586;29.7934
-50.6316;-86.2348
25.1353;96.7896
-95.6758;-29.0885
44.8528;89.3769
-90.9867;41.49
-38.318;-92.3674
51.5552;-85.6858
98.601;-16.6689
87.5236;48.3697
12.1825;-99.2552
-0.0975603;100
11.9809;-99.2797
-0.470222;-99.9989
-41.6286;-90.9234
97.4006;22.6521
17.7081;98.4196
-57.4378;-81.859
-69.1231;72.2633
10.229;99.4755
50.4016;86.3694
53.7112;84.3511
-52.5209;-85.0973
94.9407;-31.4049
-72.4455;-68.9322
99.3651;11.251
-17.5817;-98.4423
94.3628;33.1008
-99.2751;-12.0188
91.6863;39.9201
98.9739;-14.289
-47.6548;87.9148
-4.22484;-99.9107
47.4141;88.0449
92.914;-36.9728
-3.11437;99.9515
71.2203;70.1974
53.5386;84.4608
78.9443;61.3824
-67.7934;73.5123
-46.6416;88.4565
-88.5886;-46.3904
5.17865;-99.8658
-31.0265;-95.065
91.8356;-39.5754
-64.7456;76.2102
-96.042;27.8554
6.00282;99.8197
-88.1042;47.3038
-24.7268;96.8947
20.9635;97.778
-98.5175;-17.1552
65.4891;-75.5723
-23.9157;-97.0981
-74.0989;67.1517
-96.8211;25.0133
28.1118;-95.9673
99.9794;2.02856
-51.0723;-85.9745
38.66;92.2248
66.5828;74.6105
94.3084;-33.2555
-78.6283;-61.7866
-57.4962;81.818
-99.8159;-6.06472
50.5459;-86.285
-47.8636;87.8014
-67.6429;-73.6508
96.6325;25.7324
10.7017;-99.4257
-99.2654;-12.0989
18.4199;98.2889
84.7702;53.0472
-27.0163;-96.2815
-7.39391;99.7263
-72.1903;69.1994
10.9062;99.4035
-98.1692;19.0476
98.9791;-14.2529
97.6943;21.35
98.0306;19.7486
-83.8939;-54.4225
-47.9433;87.7578
-97.3777;-22.7504
-82.2037;56.9435
97.8464;-20.6418
67.3079;-73.9571
59.5937;80.3031
-63.9729;-76.8601
90.9884;-41.4863
39.9492;-91.6737
-89.7179;-44.1668
94.1412;-33.7258
55.9931;82.8539
-55.4856;83.1946
82.1609;57.0051
99.0108;14.031
62.2179;-78.2875
-45.6649;-88.9647
-31.8203;-94.8023
35.6507;93.4293
-56.6605;82.3989
63.3978;77.3351
17.7148;98.4184
-85.7476;-51.4525
98.6337;16.4743
7.74812;-99.6994
88.4282;46.6954
89.2437;-45.1172
-90.6017;42.3242
48.8654;-87.2478
-80.2926;-59.6078
-99.2628;-12.1197
52.8275;84.9073
-89.2824;-45.0405
-98.0567;-19.6183
-49.7917;-86.7225
-95.348;-30.1456
-49.2916;-87.0077
-90.0549;-43.4756
-93.2782;36.044
-99.9898;-1.42921
98.0284;19.7595
-99.0406;-13.8185
97.5835;21.8508
78.1684;62.3675
-94.7442;-31.9928
-76.6047;-64.2785
13.7979;-99.0435
-99.65;8.35871
-32.6913;-94.5054
-99.6588;8.2533
-24.595;-96.9283
-16.6647;98.6017
-18.8021;98.2165
-98.1706;-19.0402
9.15889;99.5797
-81.8236;-57.4883
87.7069;-48.0364
43.2461;-90.1653
12.3652;99.2326
80.7245;-59.0217
-58.006;-81.4574
92.0074;-39.1744
63.143;-77.5433
95.5665;-29.4455
71.6157;69.7939
-29.4212;-95.574
77.9491;62.6413
80.9513;58.7102
-55.9881;82.8573
4.78667;-99.8854
-48.5924;87.4001
-89.6132;-44.3788
29.4149;95.576
98.7039;-16.048
-99.8686;5.12437
33.822;-94.1067
53.8054;84.291
59.1584;80.6243
-73.158;68.1756
-88.8522;45.8835
-58.1185;-81.3771
92.9447;36.8957
80.0276;-59.9632
81.3491;-58.1577
47.7364;87.8706
98.0596;19.6038
-99.0275;-13.9126
-17.0061;98.5434
-85.4728;-51.9076
37.9171;-92.5327
92.9479;-36.8875
-87.6723;-48.0996
73.2332;-68.0948
37.076;92.8729
-19.4046;-98.0992
89.7005;44.202
72.4912;-68.8841
84.4822;53.5047
-86.6433;49.9294
-45.5709;-89.0129
38.5856;-92.2559
12.1343;-99.2611
79.5988;-60.5313
-99.6389;8.49047
-71.8059;69.5983
-38.2231;-92.4067
88.5752;46.4159
-99.0148;14.0025
7.52057;99.7168
98.8539;-15.0966
-41.8952;-90.8009
-64.8971;76.0813
27.4631;-96.155
89.5215;44.5635
-99.4871;10.1157
-99.9998;0.215305
91.2289;-40.9547
60.6954;79.4737
87.533;48.3526
-83.8137;54.546
97.333;-22.941
32.0468;94.7259
33.0997;94.3632
-88.9061;-45.7789
-85.8577;-51.2685
-67.6271;73.6653
-80.8527;-58.8459
59.3932;80.4515
99.9582;-2.88948
-81.9015;57.3771
42.3089;-90.6088
-70.3764;71.0434
-99.1939;12.6713
-60.5457;-79.5878
30.3243;-95.2913
-62.6085;77.9755
-50.5287;86.2951
61.3416;78.976
-49.8968;-86.6621
-39.5411;91.8504
-80.0629;-59.916
87.8806;-47.718
-99.461;-10.3684
-8.86865;99.606
50.1712;-86.5035
-66.3104;-74.8528
-96.5457;26.0563
55.7539;83.0151
-50.3769;-86.3839
27.8272;-96.0502
-24.0492;97.0651
-42.9252;90.3185
-19.2592;-98.1279
11.351;99.3537
-69.978;71.4358
89.4263;44.7542
-91.4778;-40.3956
-88.392;46.7638
-26.7165;96.3651
-62.5369;78.033
-84.6278;-53.2742
-97.3183;23.003
93.9709;-34.1975
95.0117;31.1894
-82.3792;-56.6892
65.7398;-75.3543
79.1772;61.0817
50.0242;-86.5886
-54.3267;-83.956
99.2945;11.8573
34.0636;94.0195
-98.951;-14.4461
-18.8648;-98.2045
52.0257;-85.401
-53.6423;-84.3949
-62.2657;-78.2495
-97.6086;-21.7384
-44.5173;89.5445
-93.5156;35.4237
-16.6774;98.5995
74.0739;67.1793
51.6461;-85.6311
-49.7795;86.7295
-97.4588;-22.4003
90.4533;-42.6404
4.25337;99.9095
-82.0947;-57.1005
1.90138;99.9819
33.1765;94.3362
51.4424;-85.7536
-71.4871;-69.9256
-47.2653;-88.1249
69.0405;-72.3423
74.7585;66.4166
-44.8017;-89.4025
-95.9496;28.1722
97.9516;20.1368
61.3316;-78.9837
-52.8244;-84.9093
92.9869;36.789
-18.4253;98.2879
44.6023;89.5022
79.8721;-60.1702
-83.0039;-55.7706
-36.2676;-93.1915
-90.6585;-42.2023
-91.6509;40.0013
29.0084;95.7001
-14.0546;99.0074
3.58053;99.9359
-98.9532;14.4311
97.0788;-23.994
20.3342;97.9108
20.2631;-97.9255
96.8669;-24.8356
-89.5525;-44.5011
68.8918;72.4839
-99.9932;-1.16472
-99.9495;-3.17812
73.5825;67.7172
-48.7774;-87.297
-75.7162;65.3227
48.7781;-87.2966
71.3985;70.0161
-59.7526;-80.185
58.1134;-81.3808
78.7984;61.5696
-64.2096;76.6624
-19.229;-98.1338
-87.3356;-48.7082
55.0837;83.4613
48.6649;87.3598
-47.4295;-88.0366
75.6353;-65.4164
-54.5594;83.805
-31.1173;-95.0353
26.0735;-96.541
-20.1062;97.9579
48.1969;87.6188
89.6129;44.3793
0.107376;-99.9999
51.1205;85.9459
14.5269;-98.9392
-91.506;40.3319
90.3004;-42.9633
-10.2154;99.4769
26.5571;-96.4091
22.4786;97.4408
-73.1662;68.1667
90.0849;-43.4132
-74.358;-66.8647
-61.9509;78.499
32.1536;94.6898
25.5624;-96.6776
99.3432;11.4425
75.2063;65.9091
-56.4011;-82.5767
-73.9263;67.3417
-48.8849;87.2368
85.8714;-51.2455
-78.4152;62.0568
49.0271;-87.157
68.6335;72.7286
93.4485;-35.6004
-59.821;80.134
-89.9704;-43.6501
55.7926;-82.989
41.0465;-91.1876
-91.8689;39.4983
-58.3492;81.2119
87.3625;-48.6599
-3.40477;-99.942
16.5226;-98.6256
-76.2208;-64.7333
-39.4883;91.8731
70.2998;71.1192
66.9317;74.2977
70.2511;71.1672
0.329765;-99.9995
-96.6863;25.5295
9.61356;99.5368
-40.3217;-91.5105
60.9109;-79.3086
72.8208;68.5356
93.915;-34.3506
92.9168;36.9657
63.1697;77.5215
14.0973;99.0013
-81.1983;-58.3681
94.356;33.12
38.1552;-92.4347
98.0057;19.8715
98.7159;-15.9741
-47.5799;-87.9554
7.39657;99.7261
-84.531;-53.4277
13.9269;99.0255
-94.6723;32.205
91.2706;-40.8618
-99.6405;-8.47146
63.5051;-77.247
-77.2639;-63.4846
-71.1513;-70.2673
-61.5932;-78.7799
98.6686;16.2639
26.2362;96.497
-92.9024;-37.0021
72.5991;68.7704
64.8417;76.1285
-96.4391;-26.4481
75.672;-65.3739
-64.9892;76.0026
-30.4299;95.2576
85.4285;-51.9806
98.2637;-18.5536
29.6275;-95.5103
-94.8541;31.6654
-34.5079;-93.8574
-98.0117;19.8421
-81.472;57.9854
-97.885;20.4579
-99.3895;-11.0331
80.6303;-59.1503
65.1862;75.8337
-37.3177;-92.776
-84.1889;53.965
98.0779;19.5122
35.2612;93.5769
-15.5619;98.7817
-83.9672;54.3093
-17.3211;-98.4885
-67.0972;-74.1483
99.9999;0.173007
-56.9499;82.1992
-99.8802;4.89428
-41.7514;90.867
64.7047;76.2451
-75.8005;65.2248
93.8442;34.5438
9.74342;-99.5242
97.1514;-23.6984
99.9984;-0.570421
-58.668;80.9819
31.4984;94.9097
-96.4017;-26.5839
29.9339;95.4147
-99.6265;-8.63428
-77.8384;-62.7788
29.9742;-95.402
60.4575;79.6548
-98.8854;-14.8887
-90.0427;-43.5006
-43.3102;-90.1345
56.0215;-82.8347
-49.3125;86.9959
-3.72218;-99.9307
-81.9173;57.3546
-93.9913;-34.1413
-75.2179;-65.8959
-75.4556;-65.6236
96.9107;24.664
-55.4207;83.2379
47.4063;88.0491
-88.7689;46.0443
-12.301;-99.2405
-66.4341;74.743
85.5562;51.77
-87.0696;49.1821
-45.5459;89.0257
-92.0272;-39.1279
-98.003;-19.8849
92.9217;36.9534
76.9983;63.8064
-95.1994;-30.6117
69.7098;71.6976
93.1279;36.4307
87.0113;-49.2853
63.0188;-77.6442
-95.2402;-30.4845
56.8951;-82.2371
-51.2576;-85.8642
98.5849;-16.7637
53.9288;84.2121
-20.7908;97.8148
-81.6498;-57.7349
92.2949;38.4923
94.9873;-31.2635
-20.1133;97.9564
-90.702;42.1087
31.7188;94.8363
5.77507;-99.8331
-46.6603;-88.4467
-40.6555;-91.3626
49.0086;87.1674
87.9124;-47.6594
99.9712;2.39896
43.6257;89.9822
-49.1231;-87.103
-99.3973;-10.9623
-97.8539;20.6063
83.184;55.5015
-94.1138;33.8023
-57.7335;-81.6507
73.8998;-67.3708
28.5542;95.8366
99.4904;10.0828
77.4172;63.2975
-92.7132;-37.4735
2.83059;99.9599
98.224;18.763
75.5701;-65.4917
-95.5975;-29.3447
-99.669;8.12905
92.1722;-38.7851
-95.3157;-30.2475
2.09645;-99.978
46.8159;88.3644
-73.08;68.2591
97.863;-20.563
-31.7309;94.8322
77.2324;-63.5228
-0.223704;99.9997
53.3471;-84.5818
-25.7935;-96.6162
-98.6378;-16.4497
83.9126;54.3937
20.0512;-97.9691
-35.5584;93.4644
4.16232;-99.9133
-61.1189;-79.1485
56.6066;82.436
-96.0642;27.7789
52.2885;85.2403
-84.114;54.0817
49.663;86.7963
99.5813;-9.14114
-50.1287;86.5281
-60.9557;79.2742
-43.7965;89.8992
-63.074;-77.5994
97.2101;23.4562
88.1657;47.189
-99.8445;5.5753
-1.70798;99.9854
-54.3159;-83.963
99.9945;1.04572
80.5793;59.2198
96.1192;-27.5879
50.6842;86.2039
74.4088;66.8081
97.0059;-24.2868
18.4971;98.2744
-2.86652;99.9589
4.39003;99.9036
-95.2543;-30.4403
59.6137;-80.2882
-93.5199;-35.4124
81.6326;-57.7591
6.08928;-99.8144
99.9942;-1.07436
-70.7285;70.6928
-2.81311;-99.9604
10.232;-99.4751
-62.9328;-77.7139
79.9805;60.026
65.3551;-75.6883
90.7419;-42.0228
-25.578;96.6735
98.8078;-15.3953
48.5433;-87.4274
37.0332;92.8899
9.54164;-99.5437
97.9428;20.1795
-70.9046;70.5163
34.9667;93.6874
-82.0141;-57.2162
-95.2064;-30.5899
16.8735;-98.5662
-25.8424;-96.6032
74.4117;-66.805
99.9437;-3.35387
-99.9999;0.142535
-0.983392;-99.9952
-36.9833;-92.9098
47.4983;87.9995
-20.4802;97.8803
84.7187;-53.1295
-80.6453;59.1298
81.8127;-57.5038
-95.4181;-29.9231
-8.25465;99.6587
8.88913;99.6041
-51.2313;85.8799
-95.6498;29.1739
-49.7617;-86.7397
42.1254;-90.6943
-96.5715;-25.9605
-2.33469;-99.9727
5.46299;-99.8507
-83.321;55.2956
-29.5363;-95.5385
-52.9566;-84.8268
-16.5075;98.6281
-31.7746;94.8176
95.9042;-28.3263
81.7441;-57.6013
98.693;-16.1148
-84.4186;53.605
28.5248;-95.8454
-80.1543;-59.7937
77.0805;63.7071
89.6534;44.2975
-74.3344;66.8909
-77.4236;63.2897
-93.1823;-36.2912
-31.481;-94.9155
99.755;6.99572
-75.9928;65.0007
-91.6024;-40.1124
-11.6511;99.3189
52.7203;84.974
35.8231;-93.3633
35.8343;93.359
-59.7127;-80.2146
89.7045;44.194
-72.4459;68.9318
-99.9102;4.23689
21.0499;97.7594
-60.3562;79.7316
77.905;-62.6962
-92.7798;37.3082
99.373;-11.1806
-88.6288;-46.3135
62.1586;78.3346
-99.9999;0.103568
86.8328;49.5991
46.5557;88.5018
-70.5423;70.8786
51.0745;85.9732
2.87284;99.9587
25.572;-96.6751
-0.468577;99.9989
-95.1418;-30.7904
-99.5389;-9.5925
-59.7244;80.206
-85.1688;52.4049
86.2933;-50.5319
-90.8453;-41.7986
-81.0944;58.5124
34.6736;-93.7963
96.3038;26.9367
68.4093;72.9395
98.1357;-19.2193
26.5635;96.4074
48.5511;-87.4231
-34.5006;93.86
99.5516;-9.45963
-49.7469;86.7482
86.8959;49.4884
-41.6341;-90.9209
28.4097;95.8795
51.4782;85.7321
32.4126;94.6014
69.2868;-72.1064
84.1809;53.9776
1.86868;99.9825
-99.4254;-10.7047
67.5293;-73.7549
-82.102;-57.0899
99.6526;-8.32875
44.1624;-89.72
-38.8882;-92.1288
-69.3661;-72.0302
-79.6487;60.4656
-87.6462;48.1471
-99.0251;13.9292
38.9189;-92.1158
-27.7742;96.0656
-98.7011;16.0652
-90.2787;43.0087
-97.4573;22.407
-54.6054;-83.775
-92.4345;-38.1558
-49.4785;-86.9015
-57.5184;-81.8024
-18.548;98.2648
99.947;3.25511
93.1622;36.343
22.0231;97.5448
-2.3003;99.9735
-7.43091;-99.7235
-98.5846;16.7655
88.541;-46.481
-0.411316;99.9992
-40.3426;-91.5012
-98.6606;16.312
-99.9194;-4.01392
50.94;-86.053
98.5752;-16.8204
59.4355;80.4203
-79.585;60.5494
12.9184;-99.1621
-95.9374;28.2137
-65.5063;-75.5574
-5.02311;-99.8738
-13.8633;99.0344
42.3457;90.5916
23.471;-97.2065
88.4485;46.6569
54.1733;-84.0551
94.0477;-33.9858
94.2913;-33.3039
-71.6721;69.736
47.4606;-88.0198
13.405;99.0975
64.4318;-76.4758
95.968;-28.1094
68.0016;-73.3197
0.065359;-100
-86.85;49.569
-82.2488;56.8782
-64.733;76.221
28.5464;95.8389
44.602;-89.5023
97.705;-21.301
-86.6567;49.9061
-15.6662;-98.7652
-86.1063;50.8498
-79.643;-60.4731
99.6883;-7.88964
99.9651;2.63998
68.3733;72.9732
-43.8063;-89.8944
8.26366;99.658
-42.1547;-90.6807
60.7965;79.3964
-81.35;-58.1565
89.4651;44.6766
29.1252;95.6646
-10.9118;-99.4029
96.5733;-25.9539
-5.97997;-99.821
21.54;97.6526
53.1363;-84.7144
19.5864;98.0631
-12.9704;99.1553
51.3605;-85.8027
-71.6752;-69.7328
-96.4942;26.2464
-15.4979;-98.7918
-85.3742;52.0696
80.0599;59.9201
-91.9671;39.2689
4.72437;99.8883
-67.6063;-73.6844
-96.0922;-27.682
87.9493;47.5913
95.4369;29.8629
-98.2674;18.5343
-52.7591;84.9498
60.6923;-79.4761
-17.8507;98.3939
-28.9041;-95.7317
68.6268;-72.7348
41.4484;91.0056
-98.1175;-19.3122
-15.4626;-98.7973
9.20626;99.5753
7.69164;99.7038
43.8812;-89.8579
67.4816;-73.7986
97.0643;24.0525
-99.7021;7.713
-61.416;78.9181
50.8808;86.088
-37.0038;92.9017
58.5897;81.0385
83.3061;-55.3181
-83.8507;-54.4891
47.8067;-87.8324
24.0512;97.0646
-86.9821;-49.3367
56.1779;82.7287
-35.3622;93.5388
-67.815;73.4924
97.5957;21.7965
